165 30
164 30
163 30
162 31
161 31
160 31
159 32
158 32
157 32
156 33
155 33
154 33
153 34
152 34
151 35
150 35
149 35
148 35
147 35
146 36
145 36
144 36
143 36
142 36
141 37
140 37
139 37
138 37
137 37
136 38
135 38
134 38
133 38
132 38
131 39
130 39
129 39
128 39
127 39
126 39
125 40
124 40
123 41
122 41
121 42
120 42
119 43
118 43
117 44
116 44
115 45
114 45
113 45
112 46
111 46
110 46
109 47
108 47
107 47
106 48
105 48
104 48
103 49
102 49
101 49
100 50
99 50
98 51
97 51
96 52
95 53
94 53
93 54
92 55
91 55
90 56
89 56
88 57
87 58
86 59
85 60
84 60
83 61
82 62
81 63
80 63
79 64
78 65
77 66
76 67
75 67
74 68
73 69
72 70
71 71
70 72
69 73
68 74
67 75
66 76
65 78
64 80
63 81
62 82
61 83
60 85
59 86
58 88
57 90
56 91
55 93
54 95
53 96
52 97
51 98
50 100
49 101
48 103
47 105
46 107
45 110
44 112
43 115
42 120